20 30 40 50 60 70 80 90 100 110 
40 60 80 100 120 -116 -96 -76 -56 -36 
60 90 120 -106 -76 -46 -16 14 44 74 
80 120 -96 -56 -16 24 64 104 -112 -72 
100 -106 -56 -6 44 94 -112 -62 -12 38 
120 -76 -16 44 104 -92 -32 28 88 -108 
-116 -46 24 94 -92 -22 48 118 -68 2 
-96 -16 64 -112 -32 48 -128 -48 32 112 
-76 14 104 -62 28 118 -48 42 -124 -34 
-56 44 -112 -12 88 -68 32 -124 -24 76 
