20 30 40 50 60 70 80 90 100 110 
40 60 80 100 120 140 160 180 200 220 
60 90 120 150 180 210 240 270 300 330 
80 120 160 200 240 280 320 360 400 440 
100 150 200 250 300 350 400 450 500 550 
120 180 240 300 360 420 480 540 600 660 
140 210 280 350 420 490 560 630 700 770 
160 240 320 400 480 560 640 720 800 880 
180 270 360 450 540 630 720 810 900 990 
200 300 400 500 600 700 800 900 1000 1100 
